Task A

Here we have matrix R after decomposition. it is triangulare
 R=
      1.75      0.737       1.23       1.48 
         0      0.601      -0.19      0.188 
         0          0      0.264     0.0399 
         0          0          0      0.471 
Q^T*Q =
         1   -1.6e-16   2.78e-17  -5.55e-17 
  -1.6e-16          1   1.08e-16  -1.39e-16 
  2.78e-17   1.08e-16          1  -5.55e-17 
 -5.55e-17  -1.39e-16  -5.55e-17          1 

 Is QR=A; True
The solution to QRx=b is 
 x=      2.88     -0.276      0.275     -0.571       0.51 
Ax=b is True.
 where Ax=    0.0738      0.299       0.83       0.41      0.909 
Task B
This is the inverse of square matrix n x n a. 
 B=
      7.05      -10.2       0.96     -0.776       5.42 
     0.478       1.09      -1.76      -2.98       2.25 
    -0.356      0.641       2.35       1.13      -2.54 
    -0.563        0.6     -0.138       2.33       -1.7 
     -1.84       1.67     -0.167        0.2      0.222 
A*B=
 
         1  -3.33e-16   3.47e-18  -8.33e-17   2.91e-16 
         0          1  -4.16e-17  -1.94e-16   1.67e-16 
 -2.22e-16  -2.22e-16          1  -7.22e-16   2.22e-16 
 -4.44e-16  -5.55e-16  -2.22e-16          1  -4.16e-16 
  2.22e-16  -2.22e-16  -3.05e-16  -3.89e-16          1 
B*A=

         1   3.11e-15   1.33e-15   1.78e-15   3.55e-15 
  2.11e-15          1   4.11e-15   6.66e-15   6.22e-15 
 -1.33e-15  -3.77e-15          1  -4.22e-15     -4e-15 
 -1.39e-15  -4.11e-15  -2.89e-15          1  -4.22e-15 
  2.78e-17   2.78e-17   4.16e-17   2.78e-17          1 
A*B=I is True
