Task A

Here we have a random matrix A, 
A =

     0,437      0,593 
      0,54      0,566 
     0,685      0,142 
     0,592      0,236 
     0,504       0,35 
     0,779      0,594 
     0,903      0,423 
     0,217      0,815 
Here we have a 0 matrix R, 
R =

         0          0 
         0          0 
Here we have matrix A ''Q'' after decomposition,
 Q=

     0,251      0,353 
     0,311      0,242 
     0,394      -0,36 
      0,34      -0,18 
      0,29     0,0198 
     0,448     0,0918 
     0,519     -0,201 
     0,125      0,778 
Here we have matrix R after decomposition, it is triangulare
 R=
      1,74       1,15 
         0      0,863 
Q^T*Q =
         1   1,53e-16 
  1,53e-16          1 

 Is QR=A; True
n x n Matrix
     0,808      0,598      0,921      0,642      0,824      0,945      0,645      0,105 
     0,296      0,647      0,797      0,779       0,15      0,115      0,622      0,462 
     0,197       0,36      0,658      0,263      0,844      0,177      0,779      0,734 
     0,901      0,438      0,686      0,991      0,365      0,437      0,774      0,285 
    0,0125     0,0721      0,757     0,0871      0,221       0,95      0,412      0,559 
     0,705      0,674      0,298      0,256      0,627      0,437      0,665      0,671 
     0,705     0,0269      0,187     0,0178      0,494      0,318      0,625      0,632 
      0,82      0,187       0,74      0,385      0,259      0,655       0,74      0,859 
The solution to QRx=b is 
 x=      0,29      0,252       1,25       -2,5      -1,13     -0,388       3,71       -2,3 
Ax=b is True,
 where Ax=     0,785      0,327      0,489      0,384      0,378      0,151      0,581      0,468 
Task B
This is the inverse of square matrix n x n a, 
 B=
     0,893     -0,149     -0,336     -0,907      -1,51     -0,231     -0,218       1,88 
     0,598       2,12      -1,35      -1,47      0,111       0,88       1,24      -1,24 
       1,7       1,68    -0,0492      -2,42      -1,14      -1,83      0,592       1,47 
     -1,92      -4,59       2,66       3,84     -0,279       1,76      -6,26       2,56 
    -0,148      -3,62       2,78       1,26      -1,07      0,973      -4,23       2,22 
    -0,469     -0,968     -0,441       1,12       1,45      0,926     -0,421     -0,775 
     0,496       7,08      -4,23      -1,37       3,09       -2,6       11,5      -8,24 
     -1,61      -3,97        2,6       1,49     -0,921       2,06      -6,09       4,24 
A*B=
 
         1  -5,55e-17   5,55e-16  -3,33e-16   6,94e-17  -1,39e-16  -1,22e-15      5e-16 
         0          1   2,22e-16  -8,88e-16  -1,22e-15  -8,88e-16   8,88e-16  -6,66e-16 
         0   1,78e-15          1          0   8,88e-16  -4,44e-16   2,66e-15  -1,33e-15 
 -4,44e-16  -8,88e-16   5,55e-16          1  -1,17e-15   9,99e-16     -2e-15      2e-15 
         0  -4,44e-16          0  -2,22e-16          1   8,88e-16  -1,33e-15   8,88e-16 
 -6,66e-16  -1,33e-15   6,66e-16   1,55e-15  -3,33e-16          1  -2,66e-15   8,88e-16 
 -8,88e-16  -8,88e-16  -4,44e-16  -3,33e-16  -1,78e-15  -6,66e-16          1          0 
         0          0          0   8,88e-16   1,33e-15   2,22e-16  -8,88e-16          1 
B*A=

         1    1,5e-15   4,66e-15   2,44e-15   1,94e-15   3,77e-15   2,66e-15   1,55e-15 
 -1,07e-14          1  -1,24e-14  -8,49e-15  -7,94e-15   -1,2e-14  -1,25e-14  -9,99e-15 
 -9,33e-15  -4,33e-15          1  -4,11e-15  -4,39e-15     -5e-15  -6,44e-15  -6,22e-15 
  3,91e-14   2,43e-14   3,95e-14          1      3e-14   3,95e-14   4,31e-14   3,55e-14 
   2,6e-14   1,66e-14   2,93e-14   1,97e-14          1   2,84e-14   3,04e-14   2,42e-14 
  4,33e-15   1,89e-15   8,88e-16   1,67e-15   1,78e-15          1   2,78e-15   2,89e-15 
 -6,31e-14  -4,22e-14  -7,55e-14  -5,02e-14  -5,42e-14  -7,28e-14          1  -6,13e-14 
  3,69e-14   2,36e-14   4,17e-14   2,75e-14   3,02e-14      4e-14   4,35e-14          1 
