Task A

Here we have a random matrix A, 
A =

     0,754      0,445      0,774 
     0,904      0,481      0,819 
     0,856      0,613      0,567 
     0,385     0,0276       0,48 
     0,466     0,0681      0,684 
     0,198        0,8      0,407 
     0,688      0,242       0,38 
Here we have a 0 matrix R, 
R =

         0          0          0 
         0          0          0 
         0          0          0 
Here we have matrix A ''Q'' after decomposition,
 Q=

     0,435     0,0348      0,212 
     0,522    -0,0273     0,0443 
     0,495       0,18     -0,441 
     0,222     -0,243      0,346 
     0,269     -0,248      0,622 
     0,114      0,901      0,259 
     0,398     -0,182      -0,43 
Here we have matrix R after decomposition, it is triangulare
 R=
      1,73       0,96       1,53 
         0      0,766      0,118 
         0          0      0,484 
Q^T*Q =
         1  -1,11e-16  -4,44e-16 
 -1,11e-16          1  -1,11e-16 
 -4,44e-16  -1,11e-16          1 

 Is QR=A; True
n x n Matrix
     0,835      0,124      0,547      0,703      0,191      0,612      0,309 
     0,252      0,644        0,8      0,507       0,96      0,543      0,781 
     0,717      0,112      0,915    0,00633      0,318      0,384       0,78 
     0,397      0,462      0,957      0,015      0,458      0,881      0,275 
     0,965       0,52     0,0398     0,0281      0,788      0,235      0,778 
     0,442      0,838      0,324      0,289      0,853      0,759      0,432 
     0,554          1      0,899      0,728        0,7      0,599      0,761 
The solution to QRx=b is 
 x=      2,71      0,297       3,48    -0,0179       3,81      -4,38      -5,69 
Ax=b is True,
 where Ax=     0,479       0,48      0,254      0,864      0,452      0,031      0,622 
Task B
This is the inverse of square matrix n x n a, 
 B=
     0,594    -0,0678      -1,98       2,02        2,2      -2,84      0,492 
    -0,845      -1,32     -0,361      0,303      0,221     0,0375       1,71 
    -0,036       1,06       -2,2       2,83       1,61      -4,03      0,795 
     0,896      0,592     -0,469      -0,67     -0,335     -0,186      0,199 
     0,376       2,68      -3,65          3       2,77      -4,14     -0,719 
     0,205      -1,39       3,69      -3,01      -3,21       5,88      -1,41 
    -0,644       -1,4       5,42      -4,96      -3,51       6,13     -0,646 
A*B=
 
         1  -2,22e-16  -4,44e-16   8,88e-16  -6,66e-16  -4,44e-16  -5,55e-17 
 -2,22e-16          1   1,78e-15  -1,78e-15  -8,88e-16   1,78e-15  -2,22e-16 
  4,44e-16   6,66e-16          1   1,33e-15  -8,88e-16  -8,88e-16   6,66e-16 
 -1,94e-16  -9,44e-16  -2,22e-16          1  -8,88e-16   8,88e-16     -5e-16 
 -2,22e-16  -8,88e-16          0  -8,88e-16          1  -8,88e-16  -2,22e-16 
  3,89e-16   1,22e-15   1,78e-15          0  -6,66e-16          1      5e-16 
  1,11e-16          0          0  -4,44e-16          0   1,78e-15          1 
B*A=

         1  -1,67e-14  -2,46e-14  -1,07e-14   -1,9e-14  -1,97e-14  -1,68e-14 
         0          1     -2e-15  -6,66e-16  -4,44e-16  -1,78e-15          0 
  -1,5e-14  -1,84e-14          1  -1,29e-14  -2,12e-14  -2,35e-14  -1,97e-14 
 -3,05e-16  -2,22e-16  -3,33e-16          1  -2,78e-16  -1,67e-16  -5,27e-16 
 -1,94e-14  -2,35e-14  -3,87e-14  -1,68e-14          1  -2,99e-14  -2,55e-14 
   2,2e-14    2,8e-14   4,53e-14   1,91e-14   3,15e-14          1   2,91e-14 
  2,75e-14   3,43e-14    5,5e-14   2,35e-14   3,94e-14   4,26e-14          1 
